1.89228673114
2.63299791615
0.810544737833
3.46237582095
2.49548887391
1.2900968973
2.47620295071
3.18773972789
2.79091656956
3.63107546938
3.32485121933
2.04968052357
1.88113955614
1.14405140754
1.52169000274
2.20639489021
3.11976890123
4.29037033901
0.955036618659
1.95784707044
3.64416437976
2.05845419435
2.60593057593
4.3378786734
2.55789053513
2.86751794431
1.97680731412
2.20212588894
2.47827645776
2.68758169712
2.69050590577
1.96634746284
2.3519065028
2.27647696021
2.50242215606
2.74236502374
2.29163105844
2.1824630559
4.07758954312
1.25223538922
2.46414419812
3.01549934184
2.61651161625
2.30638558461
3.13221507554
1.35770063632
1.75081068273
0.785519179456
4.82128896103
1.90624300692
0.429085672462
1.92416048923
4.60721691592
1.24339350868
3.63162169198
3.76454797716
3.1025924925
2.06144903439
3.41153986273
1.40565422388
2.03891623934
3.05611248617
2.44095674574
2.19304507073
1.09409864068
3.13336996451
1.45198122636
1.57978245841
3.46736412184
3.73047246813
1.09112279195
2.3058924727
2.74449506495
3.2205284887
0.730318691757
2.37593086835
3.60150605343
2.5136626363
1.17265403956
3.56355062625
1.8566956521
3.36024245541
0.832252486301
2.84935555346
2.46455786929
0.888255157722
2.03591667021
4.53219876209
2.86966510859
3.36386834788
1.00519378514
2.15327824954
2.93241599563
3.48876071231
1.9626484805
2.40260064513
4.1275251866
1.78378484824
3.50816396761
2.05133398507
0.638665825748
3.29139634861
1.09199304843
2.78156918236
3.0776892958
2.07251000791
1.27018983411
3.92348189025
1.01005121408
1.677487372
3.02326271311
3.42604639346
0.778712681395
2.18076858496
3.23367917091
0.787498096474
2.77906206815
3.09576700071
1.77407785893
3.21568913885
3.12383217286
2.99897669706
2.79592295504
1.8631705966
1.4381428215
2.04701012534
1.95005082842
2.05964121607
3.32361548231
3.52610581166
3.35088977272
1.69593754695
0.617264529214
0.902486081387
3.66504272338
0.971702586251
1.38665049891
1.35317358867
3.19959522791
4.01402034546
1.1207387302
2.62646748551
1.00737000021
3.08276570206
2.48077699027
3.6412139712
1.07233143048
3.74499955187
2.48723039568
2.75098351461
2.21917775838
1.99211695501
2.69043563935
1.17057381388
3.15453569907
3.33560798299
2.65174807962
2.73891180834
3.1133998405
3.72124523017
3.77269369531
0.542806916286
2.22538806436
3.00090682937
1.47466813375
2.14102337265
1.11285817189
3.09213651589
2.57733078451
3.98228485578
2.87249363193
4.09842388421
0.50806266151
3.0796829751
2.20690912083
2.28209680466
2.33411131387
3.23643239128
4.5753386289
1.72570751381
3.28172881478
3.68892056836
2.83788199547
1.76505649161
2.82683720285
0.126032128905
3.21620400538
3.78536705812
2.78914015706
1.82313634304
1.82576102473
3.14296991145
2.71067144281
1.69878956024
2.62331074621
3.62460837093
2.3421807181
1.99660087754
2.49458354298
3.15954862098
3.31684333701
2.71446784726
0.697404481625
2.73759549671
1.90776373026
1.18654762489
2.38296126657
1.24933604916
3.89356504774
2.16931391715
1.70452537165
1.46100394004
0.927756035218
2.56340985785
3.17604427618
2.56134797576
2.18692765467
3.97589323125
1.89407800303
3.50577726535
2.85656567712
3.67277015344
2.30089138186
3.84276204908
3.35073922298
1.28583956661
2.72887041267
0.625072092586
2.48674336383
3.64392813139
1.00671462883
2.28268776182
3.04146659218
3.07922747172
3.96119617575
1.44078892599
3.03035445357
2.52358225249
1.49277149376
3.37063773051
2.94628511152
3.07854730813
1.92541168355
2.66508326333
2.60477266137
1.39889116492
3.41243044721
2.30738403203
3.77981574739
2.20427481742
2.61743193857
2.53410209629
1.13831860968
3.34077517751
2.16889262358
0.441735162586
3.84599500925
4.44103110443
2.57747451667
3.43907788308
3.17780117129
1.13058950676
3.73360608308
4.07273566742
2.11756520488
3.82201395462
2.77025889866
3.45456910278
0.907767714819
3.27838421715
2.14928450472
3.77697096254
1.80726302759
2.7603335108
3.63418703969
2.35129998164
1.22680610758
1.09392484353
1.98164343345
1.76312808922
4.20373404206
3.24863500106
2.30294187216
3.23463114986
2.36184135436
3.20951826503
1.99922223311
1.49879801005
1.18318481213
3.27201330928
1.15175680365
3.02585656765
1.87264385987
2.26560436631
3.9671382354
3.48994238002
2.21074067979
3.04849131475
2.9912582178
1.38556796627
2.80375163246
3.91558922968
0.874343308514
1.99594263399
2.46506835384
2.89770568645
2.8655301161
2.51021486804
3.08021191201
2.04756944064
2.09867025619
2.75724543576
1.93827182629
3.01236674963
2.57552472926
1.07574675444
2.58317201304
2.12173626686
3.67057827384
2.99050609123
3.74382128058
3.5933687839
3.60569358942
3.14282885622
3.13153982757
3.95913489266
1.07260984695
1.65466028041
3.76582298927
0.85460225778
3.0534534086
2.17254516943
0.911497425929
3.71484536776
1.13702630218
0.328413842354
1.11639815339
3.87764285045
3.14542628115
3.57692490117
1.48938708149
1.83585689164
2.56660945769
2.75154262512
1.78537015175
2.21152358072
3.74596997516
1.42239430439
2.58932444856
3.34195515543
2.91898289297
3.3596470786
2.78551474529
2.01019147523
2.18447849014
2.57672298782
1.22062728381
3.33609932708
4.17837623999
2.16239465799
3.34924467987
3.19576564852
3.25984450449
2.08183496095
1.13284984638
2.65619467856
1.89401419254
0.857386566927
1.64693427609
2.64750960606
2.08543833443
2.02400071995
1.33056137607
1.47108445278
2.76179910136
3.37748945522
2.56654017199
2.76628994026
2.70615876426
1.86301113469
2.73142418473
2.77319225347
2.35743649692
1.87992934316
1.19581777814
2.60516202226
1.49278934945
2.3915072412
1.92927540407
2.30887210838
1.05291655171
2.16261454645
1.5261801777
3.19866727472
1.86252282852
2.92565835306
2.33075297858
1.31718745801
3.14277406676
2.27257408139
3.22901236222
2.35558109669
1.62245101221
3.2781331234
2.15131716138
1.64310098903
0.823286981282
1.58406896356
1.64537387035
3.12450107749
3.5951463272
3.9405517749
4.50372501374
1.82144107977
2.82721734691
2.37049980395
1.88285760684
1.49688054439
0.717249704252
1.54688556862
3.5805181196
1.34117572557
1.64798425376
1.19376459235
2.52552901478
3.10981331381
1.07723442593
4.20552602574
3.20712438556
3.2392718668
2.26328941612
2.43322726752
0.706332494821
2.82975651053
1.41592476914
3.20807055631
4.49734400138
2.91814821539
4.83829308921
2.63389042056
2.19811719767
2.44571586077
1.41251118304
0.8296802299
2.60043274165
1.11427563336
4.47852061336
2.80500363687
3.066129572
4.18595380732
3.21089948854
3.36682188636
3.14005625318
4.34805876776
2.87890866637
0.772576010434
2.03317107026
2.8031869104
3.98281634595
2.870795595
2.29849472426
0.457111971704
2.03314185268
2.77783092314
3.67819678737
3.96997734386
2.19694474086
2.4180246421
1.29533254421
2.22791382801
2.20835776726
2.51866818735
3.52770810857
4.88559522532
2.22075806739
1.93145049352
1.61395933941
2.7974172284
2.41086657805
2.82473172805
4.45968882667
2.50712446079
2.52560829307
3.31536661853
1.32531713514
2.03346101735
2.32345926512
0.630156166602
2.90854159114
4.96515865068
2.6315765208
1.70402582231
3.28539181226
1.73070650339
2.47298744938
2.4270622327
2.13833559882
2.20587893143
1.82210180039
3.60592769475
2.90049701228
2.8804177226
3.30519472981
1.48254373672
3.17249112357
2.5400900432
2.58442798314
1.68946511006
2.37503094719
4.32773040587
2.18823522022
2.06977779898
1.62352370829
3.06759742515
3.45470074343
1.9219778862
4.0026111264
2.18554440652
0.993553072801
2.574250515
1.97775789445
2.20167850495
1.90353375295
4.20677785417
3.8268036507
3.69664776073
2.86064551847
2.03869122214
3.80271209558
1.04579120152
0.483624374339
3.51573842087
1.80423163377
2.82265814394
3.37467344919
3.74459620689
4.45822680478
1.87956548048
2.57367722986
3.19396518519
1.46965650077
2.3112458694
2.38182238137
3.19905349311
2.24212104632
2.01130857195
1.52837722159
2.62831289977
1.62131530904
2.42663826838
3.36442435736
3.15676949012
3.65291800244
1.1009483575
3.30165089851
2.94431642847
2.94636279876
2.48850338727
2.1286255446
3.09487501218
0.91540378313
3.03988964822
0.613928400819
3.34283493197
2.03989080953
1.60224946711
3.18305758805
2.7226447472
3.46408317698
2.1684482895
2.24380169614
2.21364159911
3.00639963195
2.71564641748
1.45866085465
4.55081352541
1.71156194019
5.0
2.1262752968
2.50734005876
3.00595725931
3.98382294742
3.70215126822
1.1868265762
1.94626960071
3.91587436864
4.37598989281
4.01077810171
1.99767427628
2.83205941232
3.716239524
2.75822591204
3.09235116349
4.391894732
0.910562929806
2.0103781284
3.03999808433
2.2149905783
0.0
3.24236774223
3.63670524124
2.19460415834
3.20227645665
2.70183093596
2.2173261508
2.36408461156
3.85919868881
4.00061879365
1.18867480991
1.34352745222
4.60747036629
3.55646755799
2.2115594031
4.31524984753
2.31002524834
4.2257625494
4.05423687742
1.53764771418
2.97618218532
3.12221957261
2.12645067718
0.811827565726
3.33092215097
3.65759326693
2.50470583212
2.198346716
3.35523009003
2.15984572593
3.67827321205
1.73971218232
2.07171703758
2.89867615106
1.98121609397
2.64528305616
2.19881085251
3.80513012896
1.37597620027
3.2377576184
3.84452473108
2.81230061033
3.54616376411
3.98346690416
2.75544626037
3.37598292011
0.848156163849
3.07191353374
2.20832214146
3.12157277458
1.37343379526
1.19858794839
2.58197660872
2.83885782831
3.33054323533
1.60578966543
2.26831650422
3.02019459041
1.87286880813
3.40102308141
3.19585448755
1.83456816169
2.0472869796
2.25319176718
3.21045580996
3.5980942002
1.20458234842
0.721950458102
2.80495895154
2.24315986992
2.78670263844
3.75241555972
3.89386250305
3.68516950752
2.2218290655
3.78790897011
3.44799852782
3.00998822447
3.42929151746
2.85905046389
3.31822249051
1.76262923082
0.635795451285
3.26473613337
2.34698947269
2.59237530094
2.79448554397
2.77733981334
3.07355725152
3.03343386259
2.87881961808
4.21966411787
3.32380359149
2.35258071922
4.27968700895
2.40895077003
2.25658298694
3.21608488915
1.82656737493
0.00644048499044
0.217322573655
1.47547975521
2.58405920336
2.80797947364
3.86983333838
1.33596757329
0.60621410928
4.68624955256
0.513874696132
3.75766638827
1.0662933363
2.44447017184
3.33275413546
3.71742194859
2.90321698258
3.13816417153
3.30147036148
2.27003501712
3.53675568607
1.6668160221
2.39992118058
2.38138838918
2.50985974235
3.06556947531
0.984516247464
1.57210280276
0.97326231834
2.24186933873
3.42354705031
3.29176073118
1.98439213827
1.48942316716
0.635600968322
4.27705318217
4.53161179054
1.99259153134
2.30158991802
2.936234324
4.63897622096
2.63843983971
4.12689573181
2.90026929964
4.15606650939
1.14919244295
2.75709870111
3.24162475498
2.06686617434
3.87812560931
3.06946584426
4.39118963276
3.15519639631
2.6146207512
