1.67807976085
0.969481736594
4.43171340752
1.60576410481
3.525784979
2.27685850881
2.41159528398
3.25517930658
2.89930305257
2.29472978656
2.97107454679
1.69436131061
2.32456901801
2.17952109538
3.68998111919
2.82542726332
2.08619282601
2.80169292734
2.12843464565
1.39237384182
3.53475711944
3.04734467283
2.01051119458
3.46640964708
2.20602537764
1.29115067517
4.18651155221
2.3946816395
2.78978938721
1.57450732022
2.26229663903
3.54022685159
2.05239193729
1.91477401856
2.83873718606
2.13490449323
1.83073350979
3.2372651752
1.45610666662
2.71537526304
1.66640573321
2.86848892801
4.41205478419
1.61039510114
3.27454756789
2.73895184792
1.53301291821
3.42170559485
2.34323249551
3.64857130742
3.00074098853
0.936814482483
0.939520730795
1.68551735096
3.42117850507
2.19262299956
4.33079923136
1.54386658248
3.50705091574
1.41374222945
1.64199509024
1.13379966187
1.61610546186
3.8195117835
1.63504504768
2.38845456134
2.80997447253
3.10608913778
1.95916991674
0.511602108289
2.39118284392
3.97786193401
2.10930110607
3.02112545631
1.93734169984
0.0170698486223
3.46159819403
2.01779057096
2.58642637326
3.02263342862
0.944051610478
2.97254130704
3.31683459481
1.73249804603
1.95836341262
2.1275221553
4.24974234612
1.54276108972
3.77803324458
2.12794030964
1.1860869576
2.47635629411
3.48040108273
2.35839816329
3.72418192707
3.7807203195
2.56231024157
1.63012889345
2.5270711117
2.33989734049
2.89889594188
2.00016722817
1.2611121386
2.43956450649
0.60037269673
0.612541489715
2.29796349398
4.00457632128
3.08013008625
3.09506172448
3.27898263008
1.39233042767
1.457600906
2.42508021599
1.35072549548
3.34936666805
3.37628058192
3.66936147318
3.43398440713
1.8607448527
2.02814525221
1.78598210245
3.56398044594
2.1477070973
2.62678800881
1.67542987404
1.50057483078
3.45897420336
3.00073693314
2.74840129574
2.01350792865
2.59875056274
1.87330573336
1.38150571702
2.3018962989
1.80979140391
2.08958685109
3.03528421915
3.13301365976
2.30411486261
3.37798572831
2.16768859592
3.27634715288
2.21230296215
3.26715257714
2.64466844973
2.41219856376
2.61124915692
0.554586582
1.7795386151
3.0023008429
0.494214768738
3.18541748687
2.42661680137
2.92117024654
2.45921108723
3.5705178424
2.56993870031
2.66534788683
1.99939919886
2.04909683792
1.36976137691
2.51375029048
2.08673954807
3.95162603219
3.9430969004
2.12513042074
3.12755675266
2.35362940555
0.849027490761
3.17726545511
2.9123610582
2.90010306474
2.71100822758
1.89295988914
2.62478707763
1.76791010928
2.91248141508
3.26160427412
2.62580291555
2.24956946312
3.78448783474
0.081207601028
2.21414552719
1.63904639349
3.53608627054
1.72133599673
3.93733990158
2.27295585282
2.0159114398
1.79518383336
1.70074039059
2.76503213897
1.72472208401
1.75088060054
1.77785281998
0.822253922553
2.17634997201
0.767774459607
1.15994400106
1.53021348414
3.92190002297
1.53572560528
1.73858457783
1.90755183237
1.3999243947
2.24007508832
2.24883146395
3.02701231647
1.83822218893
3.34618706558
3.52971414516
2.39380833635
2.51184833315
1.89864963991
2.04265256066
3.00434129136
2.83044159797
2.60111873453
2.76457915111
1.62706313241
2.0700308818
2.81783359517
0.548300466095
2.52674320029
2.08527693485
2.62540719023
2.89175292349
2.76034166413
3.38444351065
1.944529567
3.22499532663
1.21240261318
1.86372816313
1.20059437222
1.86421940935
0.876202628343
3.93661791379
1.62199540966
1.16783891172
2.47980757966
1.35438695942
1.87397329936
2.22113498676
3.47899448824
4.5813735397
2.47079509524
1.44943471958
0.853805974955
4.00913261023
2.20496722682
3.41493796897
1.81397571758
2.60890206564
2.92949141819
1.43153114
2.93712790767
2.5519900239
2.05123867589
4.01096267859
3.12655748014
2.55450876308
3.40118363835
3.91551502387
1.99181038078
1.08681013245
3.83206141961
3.04676163962
2.70522547081
1.44449940611
4.0105572993
3.01127689154
2.18070424426
2.38733399611
2.86070792597
3.34645182185
2.00747410896
3.94645437676
2.40965938051
4.12526020424
3.38007414902
1.17527511461
0.229436971203
3.71912867672
1.1927730045
3.78692585201
1.16455047381
1.45431884065
2.94509447514
2.06080302589
2.3595442009
4.49150433286
3.58611161627
2.30505400677
2.8919163508
1.57787903347
1.17209782753
2.19461109234
2.94298547101
3.20571446419
1.96160677123
3.75684649937
1.60967817297
1.20112095584
2.99196935609
2.16443461246
2.46209057946
2.37469553161
3.08194253141
3.06227853941
2.3349487628
3.99278587841
4.13122522422
1.75310560597
1.72113001111
0.582459062349
2.28348601897
2.41986363464
2.08604417358
1.89017785072
4.27341731208
2.16827127311
1.88098779852
3.42294173408
0.566906505461
4.45953028586
3.57423638576
3.02267517684
1.53068380607
1.94293151813
2.16303049082
3.80941193836
1.22979674879
2.28402864878
2.32749699964
2.84946845411
2.08581178761
0.777307804388
3.27167025741
2.62470232447
3.79736015292
2.58219345719
0.796151764782
1.28739040266
2.1466184853
1.80546046738
1.81954809717
2.44416127853
2.01051627591
2.44529496338
0.94055765914
0.944963474951
2.56824873117
1.32764729033
1.05544907709
0.700909207149
2.93290582016
2.86205348171
1.69895139349
3.43688853269
1.66509423159
0.593977972691
1.07154742469
1.06943337545
2.20393917596
3.09619702819
2.73727116041
2.58607052582
2.12749490083
1.93380990119
2.55131270032
1.57986922961
2.2053295255
2.17670878347
2.3255530792
3.11259607702
3.65595384363
2.136743926
0.76294334856
3.78940256654
3.19860700874
0.967706694567
2.6137409882
2.40158097648
1.41756339169
2.35115258725
2.27228218993
1.70865292646
2.61275527084
3.13163831871
3.09376744215
2.896814073
1.90058558575
3.21288623777
3.08035947539
3.97535347201
0.86226991594
2.96888757017
1.64589108494
1.31931378979
3.22539733183
2.68233046429
2.4357976311
3.54383765354
2.1261672137
2.26921240389
0.527360468293
3.66455391043
3.61339452897
1.86330612496
1.36671027363
1.56019495453
2.81574052629
3.88250138685
2.57123612628
1.06691771853
3.07705757504
0.0
1.51383717142
3.1746877623
2.9124129963
3.36656324586
3.42365711555
1.9762747575
1.24235381484
2.56169265963
2.36173302838
2.24090011244
4.03081893797
4.69309784021
1.43776889279
3.00910158638
2.8849821117
3.0593452848
1.9792883469
3.43604457589
4.11613515292
1.32701677612
0.85440493443
1.98800642223
2.6004942276
2.21646322584
3.89761463082
1.75603862463
3.85953075558
1.63052925458
3.50339293764
2.34554927988
0.826323544777
2.26001068032
3.50700883191
2.22242804667
2.97797886229
0.294245211585
1.17210103252
0.996658715808
2.37529967408
4.1442597366
2.84593956361
1.68190873865
2.55485273002
2.7933237651
3.42683038947
1.54867874441
2.07077238994
1.00842323386
2.83167120555
1.52702745827
2.56694895953
2.31716271226
1.23238993827
3.21337000241
1.81189060726
2.18991401094
1.86146985629
1.4578897906
3.28667653072
2.63539438484
2.02134813993
0.563777940892
3.31329551444
1.98744996297
1.46315544895
2.36586062124
3.19518932761
2.95996126497
1.21083947232
4.00403653185
2.62224012191
1.5100784651
3.52302422518
0.603280035014
1.99596011011
2.91893635116
3.37617157471
2.30918055295
1.81652465028
2.77679335218
2.28749700409
2.16784490396
2.42204628679
4.28107445208
2.16016488501
1.88326068196
1.72048408919
1.91822299001
1.93936045616
3.26286687977
3.86419257585
2.29419754427
4.34782183305
1.67162770234
1.13039224296
0.943634454633
2.86516114091
3.64385580548
4.52897861876
2.48861239255
2.93406706292
0.475107451369
1.20204736136
2.95498655086
1.39982645155
2.24128252389
2.21546090694
2.52157843369
3.09543593696
1.25327236002
1.89074547408
2.52912506786
0.879289391512
3.08399553787
2.3210169135
3.56661418469
2.6434984226
2.22933197017
2.97348011904
1.84587406345
2.00865255736
2.42927349077
1.42058732912
1.2623050236
1.72379009704
1.98604900455
2.08815458541
1.8947992176
1.51543379191
1.13648394024
1.56940908292
1.46801485733
3.65377317888
3.47569657034
2.84780722983
2.46236452418
2.87924792251
3.61529940361
2.94688481431
3.5373450787
0.652392274619
1.45388710445
1.06212781164
0.609621418617
3.96494757126
3.77395536832
3.49640547033
1.58674453573
2.895720238
3.43911047157
2.89829233664
3.00975093866
2.9047992484
2.49304848312
1.2269680969
0.787351653263
3.4489004926
2.53653095426
1.73263139448
2.05004954554
2.7657071684
5.0
2.42065916081
3.10617876231
3.62598391733
2.60013164856
2.14120273123
2.00894669167
1.98049967888
3.39484318458
0.918519130345
1.87329328271
2.64029902771
0.520498852527
2.62893636719
2.92100716702
4.14731673174
2.36466121783
3.74010781671
3.15267504495
2.36006833073
0.678111350087
3.09026493679
1.26560642101
2.43608183797
1.45784258489
3.41045815861
3.95552222304
1.55120287001
2.64475683932
2.09824089039
1.37366913062
3.4402376395
1.45099838359
3.07063896752
1.84305575271
3.5099485652
2.51763568778
2.5361308395
3.03547424074
2.97799873492
3.91916455735
3.77812176225
3.1502026753
2.8024345834
2.89602625892
2.43028976569
2.80600039013
1.8358073602
3.27714294742
2.30870328531
3.45481482713
2.75326474529
2.99218454004
1.25041479957
1.7715934746
3.90079918779
0.546969161997
2.42055460046
2.73258063771
3.09908821928
3.72773104756
2.92097949803
1.80750449772
3.21757362358
1.78024547717
2.69729583743
1.91294019112
2.05478000812
1.6749335962
3.32930900549
4.58789843323
3.41292641611
0.920894785271
2.3444689463
2.9924958081
2.26959174232
4.08292617792
3.40243403317
2.79498763967
3.52676947209
4.30190817105
3.22660978713
2.44817343508
1.18535096974
2.47783495028
0.783982364304
2.65499429558
2.30714304986
3.18490622589
1.73588012052
2.28825204415
2.59157337203
2.6321218423
2.28463955809
2.95725739153
3.61308448
2.37762177083
2.03771744171
4.05170801238
3.02861227421
2.80007038201
2.96601958315
1.85137425961
2.72075954668
2.81228064947
0.618787696069
1.31699298639
4.02708119073
0.709105601006
2.57302932289
3.16103062558
2.00531502969
4.9509124478
1.41789202268
0.967708301953
2.62694351997
2.85115946946
1.19438723731
3.67258222934
1.67422417956
3.02115265408
2.81476904045
2.55668560533
2.93365014695
2.61824618183
4.1801074212
3.89299786308
4.16801543674
2.95474438584
1.9044090363
3.48698700215
2.31384582566
3.23812171442
1.32728873513
0.700922130564
2.45195151047
2.82764606358
2.23172713576
2.13722943591
3.62199615218
3.17213592284
2.68478578573
0.925369447174
2.17979278593
3.24045191553
1.40413679864
4.05769728525
2.21225738992
1.58589345763
0.842154089196
1.78655818978
1.44966502142
2.88364279239
3.69023071056
4.69189564606
2.98410648181
3.18441747083
1.53688177585
3.46613598294
2.69479056198
4.10975644663
2.3926509353
3.34626416419
1.327336916
0.899105806303
2.2314233976
2.69712414685
0.583711750057
2.51892139593
3.08918064632
1.45483767841
