4.87036377845
3.12990797984
2.2388824396
2.21757884095
2.5151361178
2.51066251637
3.35701193153
0.446258697579
2.66861095506
4.09099509798
1.99029915005
3.01941957689
0.0
3.27312781595
3.63407203912
3.7111386204
3.84456462405
3.635508321
3.06626284433
2.32502244442
3.57265557502
3.01257940969
4.10414282271
2.55677266034
1.74252219704
2.68140384512
2.81429954611
4.10936537275
3.85421082504
2.444857627
4.2860072969
3.59444187532
1.75274430177
3.02903390545
2.49605194911
2.06782729862
3.72134224843
3.00131357247
3.02205703162
3.7044877583
3.65176750665
4.12404012618
2.32604075707
2.94631261816
1.09312213435
2.46522079782
3.10122966987
1.72303450986
2.1845112038
4.59530211955
2.35110053574
2.75073082169
0.657344115861
1.71598419698
3.64509014618
3.99344775125
2.99676873801
2.36884288365
2.88033637111
3.32628875043
3.66405198782
4.52976660115
2.8159953314
2.96637549423
2.54419980558
3.6622503822
4.52770291336
3.18202671691
1.67663418414
1.32809723095
2.49590877486
3.45741104095
4.3876776174
4.66201938465
3.91201132414
3.88999404483
1.36392289702
3.45794526981
4.09218613291
1.36225834615
3.11075626159
4.51795822148
4.75197181159
3.9580997594
1.74063859567
2.56927853851
2.53290703297
2.8437207192
2.36102238965
4.19903436501
1.0390448832
2.6553733567
1.91618320867
1.87129610224
3.11385474746
1.19616813574
3.78574949394
3.73100685101
2.16708082993
2.00522614255
2.48388816314
2.10097097052
3.91843447334
3.79799564047
2.31472275063
4.01962438267
3.24980921354
3.35221887555
4.52826821126
3.69619271933
2.65695916948
1.74453632778
4.08608227914
3.37170784426
4.39691538388
3.47997461961
2.89597889026
3.55893257411
2.11199418973
2.00611807624
2.54990223596
3.09248812035
3.73223137453
3.45173569955
4.15017259294
3.45182844948
1.3772208484
4.07121220888
3.8687135468
2.89620805114
4.91237293865
4.10890830425
3.3722276452
4.01080757663
2.41304499641
4.95981885881
3.57958134779
4.08452323332
3.53120368313
1.97750696117
2.89440339652
4.02269732224
3.02700467786
2.69947718554
2.73897293817
1.84037429321
4.28886136012
1.37783191274
4.15856289894
4.32866741007
3.88286667168
1.93644252685
4.56050644518
3.71651662946
1.69466825089
2.29464913479
3.93702119004
2.74133033454
4.36920880577
3.53141844446
2.68062167587
2.46394110674
1.54671307292
3.80228589218
3.84712237692
3.12663631798
2.04053271399
3.14237387542
4.34468841253
3.20751937027
4.02411618496
4.23978831013
1.79292786346
3.64665784919
3.00672007339
3.35635220102
3.79791188158
4.21302378118
2.744597121
2.07537350705
2.47531225483
3.4297316923
3.33328581541
3.39325919772
2.60202760046
3.06051828567
4.14614810811
2.51711426955
2.14442253688
2.80973212017
3.4574138097
4.75773565092
2.86352337656
2.99549840776
2.37394871641
1.96109391396
2.99919821579
4.27574190723
4.55897585378
4.58321714123
3.51006752397
1.95595888467
3.99861400568
2.97755019595
3.34416444719
2.4758590326
3.48317114419
2.4811010128
4.2154301409
3.5221930396
2.07509982261
3.70367284147
2.84128534328
3.98465184304
4.67123336621
4.37783272384
4.38388072049
2.56243997907
3.66672484171
4.64505156885
2.65038788319
2.30227624352
2.64567035236
4.02628117891
4.48023222532
4.37832613279
4.40681545011
1.24813440836
2.61984199502
4.35821008001
2.70858748298
4.09948003932
4.07535017082
4.22535909691
3.85323414437
2.66046916604
1.37228754163
4.05223032941
4.47549163066
2.15565863288
2.86387926984
4.01479142127
3.43292914834
4.46360165276
4.70386097674
4.1049487243
3.4976855008
4.23230993416
1.71132079795
3.6441558326
0.938387967726
4.03405208916
4.25412538771
4.51600344515
3.99827607693
2.05368276345
3.53448157491
3.99693702703
3.28436507576
3.52042874781
3.78788476552
4.06972164226
3.58000221767
4.41197736227
3.99375338593
2.58421356106
3.43869831362
4.85816922831
2.94763868426
4.51648449172
4.18378576969
3.18440990921
3.50813246749
3.75036980399
3.8891535918
3.8619833715
4.11872637653
2.31721610868
3.62805943877
3.10689683743
4.07546884204
3.59368743835
4.24101603501
2.99413191623
3.63535876823
4.07723432821
4.53226614126
3.68571182737
4.05974647113
2.3220289285
2.28522340236
0.491588260991
2.47014479936
4.73955342378
1.62994628222
2.71226600361
2.01561601687
2.14301608496
2.77998273076
3.30620648194
3.62764656661
2.95494900993
3.62680112317
2.40984178704
1.15227961951
4.37866629168
3.01900713054
1.64575515852
3.50323508696
1.76667205506
4.1544850827
4.65380269737
3.55777007459
3.40828279531
4.17874406375
3.66825329754
2.59031317067
3.56837653518
4.33376400049
3.64861066829
2.54777153676
3.01487875532
3.65280720453
3.63309601731
3.11418070043
3.21394807924
3.16130070334
4.66026809904
2.62613287156
3.59549415999
3.9627270676
3.2472870663
3.85699464236
4.18223390008
2.67322406497
2.99587918788
4.06105124002
3.67043656568
4.80485467961
1.7546085147
4.75298430978
3.57937700133
3.97095991383
4.36615801489
3.75093760047
3.98436935461
4.45381710301
3.63335184929
4.06462529532
4.81850033372
3.50813884218
2.66224013644
3.77443210473
2.7684471948
3.72585940678
4.32019263858
4.42584626175
2.73434198207
4.81158096586
4.80182553441
4.30506704746
1.75223422972
3.09633135278
2.58914907534
2.83943265166
4.41291510143
4.70309838257
4.15823307803
2.645603019
3.35912012621
4.17903228799
2.35924216694
1.77209366612
3.87376936323
4.42372430115
2.77464257815
4.17390814402
1.17390134399
4.51672492153
2.55865812649
4.1315130674
2.71296560776
4.65827678992
2.69120835787
3.05855583789
3.89708784192
2.6634416171
3.67373714804
3.57534044601
3.55370780839
2.89380690935
3.28082729501
4.63491280483
3.21118773971
4.46980627493
3.74237354663
2.00072193003
4.43866730883
3.80044530991
3.65099834658
2.08283885963
4.11293853616
2.27507530548
2.56582152976
3.52177675659
0.893391147726
4.15977239573
3.08813011379
3.94531414493
2.60747299071
3.10011435172
3.48652059931
4.83080742129
4.06246309896
4.26244932701
4.64542121324
2.57426347945
2.96203087492
3.70206457932
2.60415654358
2.37786399372
1.82027165043
4.25451612923
2.80341400451
4.38705722418
2.08939901132
2.11341121479
2.71679557643
1.61577414542
3.12100061398
4.72128748747
0.941718478328
2.48151089165
4.78703088153
4.2714384517
4.11979703927
2.20756741392
4.1543250176
4.13122721213
3.03071199886
2.19563753825
3.3566374597
3.21455017885
4.45192449952
3.43199273107
4.47081837974
3.19041884412
2.37400730874
4.49595520012
3.83525782079
3.69539048636
3.22888863139
2.61032163595
2.45728289912
2.49878293114
3.45256154894
4.17732081105
3.34917396357
2.52785539343
1.20264283057
2.94528315219
4.59982703763
4.00818820954
1.16936879332
1.95183736665
4.21672949765
4.13627022572
4.34439973452
3.39294204426
3.68143867652
4.82120591965
3.94990787422
4.40984650995
2.25119583724
3.69582682593
3.45170197167
5.0
3.67621985424
3.89365936119
3.09081724713
4.05550163441
3.13891892037
2.18928615688
3.86918683517
1.66704829628
3.36439867274
3.70926449383
4.02316234255
4.15250693507
4.10113900389
4.55353985607
1.60564318286
3.17231287105
4.48244373339
2.43401995624
1.59980640375
3.42732313746
3.42241980839
3.79583273727
3.72458117914
4.03393365749
2.18030178933
4.75366063867
4.2844198451
2.74278763467
4.61725483609
2.6266573835
4.3080744782
4.68363986125
2.97060662846
2.83855658835
3.54037519628
3.72833998697
3.72516298838
1.08642975355
4.48676706943
4.25471738672
3.55306821009
1.25270880977
3.66729246692
4.27187658571
3.53009212701
3.21319701533
2.69417688876
3.73688009579
3.22790400117
3.33017588886
0.887922596687
4.66063523736
4.54795431638
4.13475846406
3.13718632439
4.52340400879
2.82112637753
4.65158475503
3.88315165157
3.59772163211
3.47502147447
3.44505592505
3.54756211521
1.57139406256
2.43637628521
3.69392214398
4.67645420249
2.45072773817
3.9616415559
4.77492945612
3.62091347714
3.89502010134
3.45028087426
3.85432848703
3.01013149535
3.7055645957
3.68270765204
3.22267831822
3.24680612357
2.75202373769
4.02056861055
2.54551478145
3.65213702353
4.00134962907
3.86727445134
3.2895742374
3.870213039
4.65724329139
1.12152712456
1.91864626263
3.64929500601
3.69113603145
2.7317545217
3.30914091968
3.0790028172
3.9433621534
3.29722651423
2.71202107909
2.35287514069
1.75724323015
1.71601646554
2.27175167741
3.54242238654
3.78537129914
3.51727222362
2.91994793527
3.85321449908
3.71532669976
2.96220990581
3.17266820403
3.35714280714
2.86449020376
4.35033638136
2.9673851141
3.48541375505
3.87130388532
3.75029729745
1.84352761614
4.85139029008
3.0775609898
4.02055708924
2.84518907002
3.47444748611
2.09735836126
2.69697011436
3.83786161677
3.84365810835
4.25943066763
3.46686684555
4.74946122294
4.2645919749
2.63819082788
4.01013749036
4.43001772655
3.86439194617
4.42988901164
3.64920703646
2.93284111848
2.18723071608
2.2469432849
2.62141747601
3.35889879073
1.90927136894
3.8721278598
3.22281609207
3.37437332145
3.25145710316
1.74329041673
3.01359877278
2.86362010522
2.98629383472
4.24284275368
3.77890363865
2.06316339574
3.95436397632
4.0215859479
3.51490680546
3.46322843366
4.30745183645
4.42233032734
2.42079520206
2.96097723996
4.22042737312
3.63611489418
3.54126145554
4.06466539131
4.30120263868
3.96302573466
3.61323618591
3.46544975821
2.02604272662
4.45564866089
4.77225717
3.8915507848
4.27679728246
4.07914848843
4.09859046956
3.64707646286
4.06744815644
4.07128825986
2.99800832525
4.8376043539
4.3867527717
4.85409485697
3.03484582853
2.56419327986
4.39578772753
3.53707158677
4.33461514934
2.72446112272
4.12841430156
3.66951273629
2.80369544624
3.86353978128
3.25714548008
4.22366580037
3.87517454206
4.00040264054
3.36678984643
3.57028129239
3.68078587945
3.31604040169
3.20396958214
1.63982017689
3.98995000011
4.03486457062
4.2459025927
3.48264712926
3.18170472335
4.7503786451
3.83362243251
3.96456225843
3.45085401546
1.78886125083
3.32626161297
4.39340211288
4.35296135063
2.43163277064
4.00649723671
2.53558960458
4.46462441273
3.23719371651
2.46993035219
2.22175392646
2.19017749815
4.43127998526
1.03260415524
3.68196682859
2.82533049348
4.42663135901
3.57622777436
4.15993961611
3.74705458321
3.51207754377
2.13562408112
3.74300672651
2.18099530433
1.18617676725
4.41388631984
4.70600218291
4.26368496644
3.16274584017
1.38074533788
4.12438432838
4.16931984467
2.96465313215
2.3896393005
2.76393414169
2.05405188389
4.27426175337
4.72296415298
2.45595614897
3.72269958551
3.81191843235
3.50312766331
3.09405213141
4.05512229495
