1.78163679125
2.46193366235
1.98896694997
1.36405074221
0.883821861997
2.56965254607
3.9444875063
3.21912615982
1.48842871485
3.38869744604
0.591496591606
2.8004197122
2.2116062803
1.63830363396
3.44565585139
3.01252061116
3.32126799571
1.66141871761
1.68002246968
3.44582298424
3.32080560464
3.37645533389
1.97508007044
1.10076653822
1.14415163307
3.95797616085
2.89793850821
3.38844600944
3.27638457798
3.45265717706
3.42011568272
1.56351558865
2.72512187548
2.9555601488
3.17729924491
2.38856877883
2.46296028376
3.21448351498
2.97187978153
3.08813473358
3.47264650756
3.87420980327
3.61901048028
3.08323515305
3.70048390968
4.66355850409
4.15029686119
4.47271780136
3.80427416173
4.59383130874
4.0629868746
2.90780330824
3.59184747946
0.785561468554
3.97753931561
1.63931017854
1.68755389434
4.8348963347
1.70579374043
4.08794183137
3.7636230082
3.15598129226
2.44430217607
2.1479197987
2.84719091133
3.6945545538
4.3708159008
2.85550674078
4.12169362815
2.74609128663
3.64164832036
3.53121209908
4.36277430811
2.30296110538
4.23155961568
2.84993764887
1.85836403267
3.0905630914
3.88975132416
4.83919705789
3.46651247458
1.20633094512
2.37728848778
0.87321480225
3.66411961972
3.04528640681
1.10531167515
4.41441313705
3.87646524762
2.13122230593
3.90325765452
4.59961080252
2.03450859352
4.15035305973
2.34777251783
2.4341696157
2.45322136298
3.41590759085
4.26661946505
3.34791320247
2.18203453337
2.1567864528
1.76155705113
0.604002776999
4.05361745961
2.93422676776
4.10845114002
2.17282533613
3.55361431791
1.20597712195
2.62000343269
1.26638355022
3.51175974975
4.21049892983
4.37239660203
0.909333224241
1.33652651955
2.45066718418
3.44536530451
3.58544200258
3.1567463769
2.9319837176
2.80493767148
3.29316493356
3.62163339491
3.06910486315
2.21836494964
0.602577986314
2.09291600719
3.53100485903
2.85081230862
2.41921370195
4.20430493815
3.10289395052
1.51826041303
3.14704771347
3.56251529084
3.1333637481
0.748210456244
0.902347029268
4.38639298046
4.81636626415
3.39241902697
3.3462476885
1.39496307895
2.29517398831
4.38130489211
4.1653010277
2.54544832254
2.81529170423
3.57003926122
3.74352199626
4.05628941269
4.26256507805
3.88625713743
2.82219846315
2.20999703856
0.811891003103
1.64628988134
2.97873123645
1.33531861631
3.99300211572
0.863417853957
3.81660256969
1.2851009576
3.44630082535
2.33965305422
2.56628883023
2.68455039408
3.45897549265
1.21622826935
3.06615539846
4.30090446544
2.03122406618
4.56416562454
1.07057374914
1.87362537208
3.43773529357
2.1122705227
1.37093546284
2.17688388275
2.42409854237
2.79737433409
4.42413766502
4.00666420559
3.83419947813
2.20314529907
3.47490252274
4.54022188055
0.0
2.31181757948
3.71556656871
3.08122042276
2.23603035065
3.48755780886
2.3871133852
3.70201902824
2.29854455092
2.78882449612
1.80003493276
3.77076001379
4.41065672613
1.79056386704
0.763100988313
3.8743259103
2.494797227
4.49576111946
0.514700080993
4.49797868181
4.23619017403
2.95198831616
2.55122301642
3.33779652584
3.66769252384
1.71312678496
3.62603952631
2.08850858818
3.47631930813
3.64133390041
4.65217112657
3.42296712205
0.723633690502
3.54771588504
2.9254109752
3.77272254822
3.95731152289
4.02770002669
2.99011590077
4.28599986236
3.00976219722
2.46606759193
2.93811609876
3.57036002248
4.84330442269
3.22386239613
1.40483226488
1.84142351673
2.79422600443
1.50313059321
4.13740641813
4.60743521046
2.05418738951
3.53794463832
1.49441515014
3.9150059529
1.90415240354
1.67832685535
1.31988112665
2.3077339908
2.99049277808
2.85812297601
4.01657164907
4.13853135516
0.739606794567
3.31332216403
3.13888028178
3.70337298004
3.95164464281
3.16329265388
4.10460379208
2.36802571232
0.852794707944
3.6305342868
4.32278887353
1.18750676657
3.35846738321
3.67984168635
3.3775157225
3.8123397261
1.98762953584
3.36335500193
4.85193152226
2.61683947284
3.3993665914
2.63119978419
3.23688795345
1.88074546621
2.55968836132
0.893466374427
4.30916454382
3.70171225729
2.50686678905
3.33745362795
0.910668832615
3.24130366541
3.83786009973
2.69598188055
2.13578670116
3.05773288278
3.9602092039
3.77453081583
2.58565962217
4.22106434581
4.7110922095
3.02251253591
3.68300907849
2.95829721808
3.64830470455
3.95837827735
1.8555779649
3.70075530829
3.84093992019
2.75602017268
2.33336332718
4.28197348966
4.3876206828
4.02178103637
3.5640315207
3.55164026223
3.8039684508
4.21428146002
2.54832692458
4.55667291688
4.21930683571
2.6988548727
3.43784494138
1.31699612517
3.24683440251
3.8344062187
3.23961663716
2.60380730104
3.04830972266
4.44201823751
4.62942226822
2.00112402651
2.22060670366
2.54078951508
2.26714631122
1.91676438327
3.15089750179
2.87649374713
1.76491978697
0.398915566479
3.43259910901
0.796783264898
3.8631812988
1.48942607704
4.10360800244
1.83811577484
3.57957809279
3.37007869332
2.74060448977
1.8355399351
2.30481015864
3.35602297931
3.91015479731
3.30485387044
3.07320522587
3.39230028545
4.37304293844
1.45335809934
3.21624634484
2.85745135204
2.94757529635
2.92952134754
1.01444968093
3.48642283267
4.54247196745
4.29706080891
3.95144813731
3.00843308383
2.12164659226
2.94510423289
4.27392299727
3.32694917011
1.64058527254
4.06433130477
3.75079583073
3.26764168905
3.74920363645
2.17284552068
3.95658867519
4.18896377493
2.98903243078
3.67733829652
4.3680565809
1.884087651
3.03447707627
1.86122762891
1.76333709337
3.44093101671
1.38815020668
1.794737933
1.24741141589
3.11635416427
3.1089255527
2.6533394679
1.89282706819
4.46881260711
3.02802336848
3.51847844641
2.86127698687
3.52651242915
3.98930778806
4.11862565378
2.48936763279
4.05193333615
3.20913444883
3.23687498082
1.18400321612
4.12412037423
1.94826354388
2.1228733444
3.16374114147
3.22350664194
3.68356207887
0.669131295798
2.9121559336
2.24286408644
2.86942547747
4.09986347506
4.22103044998
4.8559100016
1.74163261983
2.34077927854
0.965363525548
3.39003121304
2.03405694652
3.70614315697
4.62736731005
2.23580330555
4.61931484781
1.47264726571
4.01825624316
2.95084826501
2.15689131745
4.03815103667
3.41619114386
2.01278224776
3.28114675441
2.65038012106
3.20498575762
2.01075760529
3.4936330712
1.71408341279
3.55480396165
3.27386174207
3.98245411002
3.90547718595
3.60190645808
3.91649071593
4.05863287041
3.36713727056
2.80482308595
4.80388034784
3.87056879486
2.29106363049
3.81566474334
3.41021010386
3.50322347073
3.65907250863
2.99096492047
2.19718589937
4.23203663599
3.11290233403
3.80810044416
3.35525082611
3.8071083701
4.07003651622
4.02706693435
1.55711006488
3.93447817698
3.84369312383
3.9224228583
2.86206359737
3.3501706555
1.50825168508
4.00743203316
4.723858715
3.26177419888
3.8162365546
4.324776189
2.96673131551
2.325838929
3.41098902606
4.21946066742
3.66074745813
3.73358418517
3.20526452362
1.06021615678
3.47772149891
4.22403226303
0.439109476365
2.96679687623
4.02525889425
3.6185369749
4.32516942116
3.27134151811
2.04711815687
2.01026182065
3.7289261607
3.22732997018
1.15579645437
1.06751473457
4.07802651322
3.0844082565
1.78182300707
4.38765205473
2.71697999129
2.8154470296
3.76483235604
4.67730100347
1.89409006611
3.57755250059
4.95281804269
3.89274717469
2.35000214842
2.24884411713
3.6707570029
3.99170032364
1.81850629556
4.25920371716
2.76974396797
3.23486504009
3.29058186529
1.5094840858
2.80483638966
2.66181951045
4.07626541859
3.44492618292
4.55505694963
1.52608239193
1.86051980352
2.83600930307
3.02143447724
2.61076278671
3.19687299893
2.32327413169
2.8815125271
2.95225402088
3.31148351346
3.63455069642
3.4158465275
1.99285414374
3.80654402727
3.51814586594
3.9052355539
4.16219975547
3.75289143516
3.7555542829
2.41079332584
3.53535142191
3.29486699192
3.391937351
1.2191287543
4.41948074765
3.94352311071
2.7366857325
3.50085899935
4.48469677652
3.02518792742
2.2374069476
3.85150716211
2.32744079409
1.91078874675
4.25030027217
2.71336047185
4.67469798245
4.09436570919
2.28610572873
4.30507731503
4.1149204447
3.52221905128
3.33466318394
5.0
3.85842990555
1.48668164852
2.74826117223
4.77965228594
4.28028530655
1.97044636529
1.99933659243
1.11266245683
4.47832961098
2.09436573406
2.73021417865
1.77273085649
2.90725201937
3.60058823249
2.9459203743
4.1104258156
3.86063001461
1.47856049693
3.44232799083
4.67311034447
3.36258233256
4.64253639859
3.26571004383
3.18007145694
2.11260793032
2.53163870076
2.6645353295
4.02293257017
3.6250258043
2.91246370782
3.65170245487
2.61192086796
2.88213484938
3.00534153597
3.45264432576
4.07064954372
2.06225824384
2.05047535154
3.30813061606
4.44140467774
4.13168600726
3.01473182655
2.31003244488
2.59953043573
0.675036326484
3.65103747863
2.60239684391
1.26717509993
3.84634976585
2.8940379446
2.55031646791
2.27736173421
4.53228723407
3.97824644906
3.49766409392
3.41697065568
1.73183513422
2.95385072448
4.01394467805
2.66918069059
3.29105514323
3.09076001255
3.23139778995
2.9274559395
3.13863328712
2.08508043263
2.25871635726
3.71918010991
1.03129815495
3.99000722815
3.00107293754
2.77309793804
3.21164647563
3.51184519059
2.11091630718
3.04975614655
3.94708045345
3.59938950835
4.59013698232
2.72530298714
2.0617268095
3.9202137983
3.67778983084
1.6325996138
3.97156395552
3.6879139625
4.13602342616
2.39385604443
3.7009168446
2.39282087113
2.79833267084
4.59530823671
4.10662537704
2.43780854697
4.74619814042
2.6068857584
2.45708349642
2.43657437931
3.74954012558
3.62599529914
2.07020480003
1.55080923218
3.66782122653
4.16923583579
2.30081640424
1.64253415645
0.540265727703
2.91285140135
3.76068744646
3.21486571559
3.25149706725
2.04982087631
3.5259265199
4.29636530168
3.32831615723
1.13213908281
3.14643032068
3.82802725344
3.62167930929
2.50525957347
4.11412494012
2.55181496961
4.68815911311
2.19884500933
2.26628355739
2.56064170048
2.63994226449
3.97925042587
3.91281500319
3.64069971869
4.51581616268
2.05796675581
1.55712970553
2.83529629659
1.25994724291
2.64681926039
2.35663224607
2.83494849418
2.30771498814
2.44309410513
4.34204903131
3.60100596971
3.18722714241
3.24439309768
2.52035366077
1.03024416018
2.90732200366
1.95509841763
4.07972988716
4.28262221292
3.04155302632
2.9291872549
2.95021921611
3.44136801116
3.53139069477
2.54208707641
3.28377929131
3.91465895601
3.32870634652
3.28431191585
2.62357854982
3.51488128479
3.34744286628
1.8558368851
1.60543485155
2.66041477536
2.12897679963
1.82187187073
3.65435221672
2.3431097933
4.40388865997
2.87230730455
4.7859527239
4.36441741121
3.98686933252
3.20899189677
3.01883385833
2.91756912656
3.6362619684
2.35021537342
2.16798154619
2.06029120587
2.50220147538
2.37131181492
3.05966650099
