1.79607087533
0.482112189691
3.25943722066
2.7079863478
1.75896691559
0.557802248441
3.43057250035
1.89275193217
2.32625441947
2.76874034257
1.40100167382
2.29204426702
2.93846611156
3.64609801734
3.8473764985
3.16476182944
3.07304035559
3.87164198693
1.64437602276
3.44576315091
2.63870143097
1.6645681649
3.85138198443
2.47306316284
3.34408554866
1.77437831584
1.03992668088
3.56115661379
2.39043136515
2.78203175629
2.66166970419
2.90807447179
2.9743940711
3.2042759349
3.08332424553
2.05747338123
3.13374220354
3.27677456568
2.75361795727
4.61489676272
2.64533627977
0.299020628158
2.68680184447
3.38977662619
1.23480723258
2.42631503123
2.52415014518
0.339033163535
1.25841210356
3.24233009364
1.6262427354
2.73107873463
2.80381988608
1.42189171334
2.66490563133
1.20945192474
1.90340302722
3.8827397399
4.08661796615
4.34085223637
3.0157364387
2.7418337986
3.48421070057
2.07994959471
3.01377869975
3.82747463765
4.95158734272
2.62237514509
2.70300955057
1.5407671117
3.40799562823
4.11255377871
4.20684933669
4.621752249
2.65831256933
3.87510260659
2.81819400889
3.45208580302
1.07609475644
1.22929422785
2.87889588603
3.68671149867
5.0
3.25921356726
4.25857233809
3.07940721146
3.11988594403
3.78291155728
1.56207012113
2.82634126966
2.61487858514
2.65113856387
1.28535579433
1.81364470478
3.10455034427
1.36649383725
2.04086904889
3.54168262848
0.884061728747
2.2411009175
4.01026505644
1.52042794018
3.47170250678
3.58418719582
1.3975235058
0.615537157409
4.63717784924
3.42674829104
2.9182494669
4.56599287981
1.50596877694
2.51833557714
3.35517198677
3.22312091507
3.4462369396
3.95414308709
4.82105726647
0.347092988212
2.83248047835
4.28882902956
2.37217031062
2.75387976165
3.87608740439
3.19342698475
3.32020361453
3.73735752296
2.57298745652
4.66247421473
2.68078748067
1.93043459704
4.57357635915
3.89806849894
3.63927994073
4.31701974528
2.62284607123
4.10991670047
3.57683623769
4.61342703328
0.964494818628
4.02903195106
2.26946903529
3.40669328145
4.37715669765
4.01423177983
1.09144414238
2.23133712228
3.42175031702
3.70251838816
3.76531775962
4.62989778776
4.29243969808
3.73798779563
1.90777663094
3.52252556947
2.63751948948
2.33833004048
4.52178932519
1.21851793467
4.11040246894
3.72155892999
2.69459780783
1.97084389152
3.8623990214
2.95978362439
2.42283884168
3.71618444121
2.99162869008
4.3507281485
4.4259491275
4.10026628561
1.42493803425
1.52136062337
2.43225811795
3.78491145113
2.33197457243
3.88791837863
3.60347653182
3.64608001806
4.07122062976
2.04443205946
2.74926791549
4.40296224483
1.47772391161
3.11496119843
3.30644196103
3.04946897143
3.87807731367
3.67036978529
1.87480965645
4.43344787565
2.16081681771
3.13590379173
3.93988281423
3.79210817696
3.88149940068
2.20423209143
2.72293032563
2.66053869837
3.66322647399
4.12672729095
0.720144961893
3.07763500023
2.88421621442
2.71384063018
1.54495474532
4.7111723425
1.2631988705
2.73817465577
4.54375954768
2.1664765685
2.4286781426
3.48030706904
1.46037668378
1.53234401236
3.90746940241
2.35867077885
4.42841941398
4.06817817773
3.0358421037
3.51465327458
4.11270367109
1.97857489227
3.22445120358
1.01435536344
3.44933785477
4.39798052041
4.13036237443
3.01756591161
4.10702531452
3.3528874924
3.00524005756
2.48393099178
1.91507238516
4.22514673345
2.91426399924
4.48174285963
1.84406105572
3.57106520332
3.33071567846
2.73618700055
2.24806091355
2.47587635273
3.94359196132
4.46160318871
4.78271944006
3.62602465376
1.35658875365
4.75823339104
3.6607304347
3.53968902728
2.52748024032
2.7265399632
4.3978829655
4.18866903944
3.4983500911
2.79719811962
4.17986598776
3.60569912341
4.01479098078
3.62728243259
2.66535374357
4.1251150591
2.48931587948
3.33363144464
2.69153218431
2.09503189942
3.18240380178
4.52269206869
1.90215937523
3.54750529308
2.25592552168
3.0987832608
2.05426165635
3.88330579046
4.41941349888
3.75306025901
2.52633782923
1.99484744628
4.63577912262
2.78615449245
3.35635994718
3.49718009137
3.09704852442
1.58321871478
0.0
3.94135472518
4.42356523578
1.81240323854
3.04283016188
4.27263234773
3.18416697922
1.89636866668
1.77471704267
2.9695815787
3.09409769766
3.67852215072
1.39845505715
3.19092330778
2.83596728706
3.96721716625
3.37031883206
1.24259890616
2.608378688
2.60220138737
0.617305667308
3.72231196443
2.53182238132
2.26804469253
2.93421624136
2.05525871058
4.46297332642
3.64698329593
3.50288275742
4.45073249561
3.78938247258
3.9341108425
2.90981182462
2.51419994386
3.87158727602
3.26759289828
2.056668204
1.83124181456
3.57956350394
4.04072963618
3.31058046775
2.71743070967
2.00418494382
4.82308996235
3.13039944319
4.1722909381
2.66272479218
2.9162792167
3.28841674304
4.22807112713
2.16815731738
3.33965742304
4.42235222852
2.80391688772
4.56956578785
2.72838532562
4.13616378082
1.92775861794
3.87296848376
4.13192495918
2.69112167207
3.52422332227
3.56691482451
4.00154395677
3.70023519626
2.89009992308
2.88923655287
4.694670897
3.3992067937
2.74339583929
4.89446232598
4.45301006039
4.23406006696
1.66049205552
1.21597705828
4.3503472972
3.13483009256
2.10457169851
3.3034424164
2.03375385138
2.01298681638
4.57342099781
2.23238177156
4.69081613694
3.73334736181
2.41256712466
3.10184003515
2.03552824283
3.35096448553
4.44727780631
3.68961149232
4.19071109399
4.57874905588
2.01416889186
3.62528871804
3.34847168284
3.9220470076
1.71263793927
4.3364275375
2.61869825202
3.59526337305
3.88902379237
4.61606941267
4.37403935214
3.93306930177
2.86659545828
2.00882816383
3.61230820301
3.68595532584
3.89981990292
4.08644029495
2.64902639166
3.39578320821
3.90621231382
3.85901200252
2.59010031789
4.11159352268
3.44915646147
1.83866867761
3.62627772661
4.76270532541
0.319531713184
2.42782969117
3.27862883125
2.99160924794
3.85927203124
3.88435384766
3.83717471651
2.89757278321
4.32127917503
3.24704010846
4.27291428374
0.714473970765
3.25653155954
4.0418402411
0.999054610829
2.85866730588
3.89334628312
4.55661112798
2.21800418428
3.03521029275
3.97153832395
4.2221976926
2.7519637315
3.56005647031
2.93462560398
3.5687484906
1.67603706776
3.10419958988
3.22480930625
3.8312579029
3.8170042865
1.99910560988
4.73938982593
1.50150248296
3.93730249371
2.90177563825
3.9747813498
4.20767412913
3.75190497778
2.57191719545
4.63234651966
3.84344165409
2.29309444857
4.4819021776
3.87456165607
3.51258197141
3.41767946819
3.68430307782
3.94451950496
3.35430125353
3.35541438382
4.55698267835
1.65242611528
3.94309478546
1.69503800002
3.45661677496
3.85102277925
2.27411219323
3.0882267934
2.16069535975
4.22918025804
4.60161029942
3.1917146495
2.99010788747
4.07858442436
4.51175191618
4.0741775112
2.13420152409
2.39564432655
2.72441066669
3.53785672501
3.60546195253
4.76689903769
1.87284098134
4.05927285106
3.94363329609
3.36587251314
3.54054405625
3.18974901034
2.7832288843
2.31215403085
3.69672849316
3.65860081353
3.77255517766
4.32634849349
4.61435404894
3.77588351837
1.4183362794
4.64774660105
3.65990073324
1.25431116918
3.54218552589
3.77680526835
4.69171938228
3.69584157569
3.0537210983
4.0057284039
4.07131147546
3.46261631
3.62906154298
3.21775767284
3.20618125166
3.61149524268
3.53212879263
2.9027658941
3.9522287241
4.32280000488
3.80552809966
4.38155085853
3.71821824766
2.86009623663
2.79915927099
2.95793131822
3.35027702425
3.16777299363
1.85997452171
3.98355040677
3.04478978678
3.94327236736
3.80561593839
4.15064076089
4.60624262675
1.64277088921
3.19382276597
4.30909912484
3.11463938824
4.55263476829
3.7552668611
4.03402698038
3.99361694769
4.18125224244
2.13280499505
3.26567977107
2.95485361163
3.55749509858
2.65713057397
2.67599025549
4.11042522249
2.83692378739
3.56790037302
4.13883607159
4.32055051178
3.48151418677
0.59574261818
2.98328200203
3.40601580981
3.95661672614
3.75931484896
4.26714779817
3.83974250062
1.64060641546
2.50283889627
4.375401985
3.8476628248
4.48818229395
4.11957247247
2.80782799453
3.04582072771
3.45725523326
2.57289902938
0.883345976789
2.67837806331
4.5036835923
3.73789386009
1.42507205383
2.47385741883
1.41881012449
3.20192206171
3.78754191857
0.873562265507
3.52151724108
2.55269394099
3.32233712986
2.36429071369
3.2181665074
4.01663814964
3.54726805911
4.29292654209
1.76712811782
3.36293169967
2.24766767054
3.715806348
4.37568225643
3.1481624232
2.54792224864
2.96363533951
4.00792910534
3.35233816155
2.24422754258
3.51810902556
3.94978777764
3.11133671097
3.91425739197
4.42378256173
2.16811997893
3.04262897368
2.9072326669
4.27876408108
2.4585996578
3.69090655787
2.42220657364
4.34682935619
4.06095257449
0.11217472446
3.0604516087
4.30054867388
2.09361620059
2.00639297263
2.10001721496
3.93731643566
3.42262054012
1.70221786271
3.0362600176
1.06411452644
2.07377037883
3.46253327856
2.95959224336
2.54976791775
3.48833485318
4.04985046135
2.60367942208
4.2753978711
3.9563197557
4.57870701548
3.36223469723
2.75507032593
3.44039933897
1.75040055732
2.9672679168
4.50315989934
4.17471644908
4.40349866402
3.10989956516
3.01030267154
4.09267080176
2.74401905974
2.92250408073
2.62072459008
3.92840336412
3.2821956208
2.98819566271
3.12769609009
1.67592141677
4.61913881833
3.82135927511
1.635404804
4.57705855394
3.77164425464
3.63424855131
4.16606166605
3.84415585846
4.43865550857
2.51420200157
2.99846829629
3.44982009922
3.5225310467
1.93283533764
3.97078877627
4.15086115954
2.35671967262
2.33138465833
1.60950974681
2.94515445604
2.37930390969
1.8418854561
3.59975543513
2.86921075755
3.224229243
4.75896597337
1.67197136213
2.47675556164
3.13999607631
3.71709812425
3.9041291675
2.78333882328
3.06856286032
3.58352805328
3.20395021807
4.01669588566
2.74631755398
4.02990487966
3.79505422888
4.13383198701
3.20494308288
0.170411009101
1.89870153642
2.79743484384
3.6231230069
3.37125212267
2.44221827708
4.77586452224
2.15131004023
3.65703445408
3.42531936516
3.92417677922
2.55821205146
2.78151558473
2.68501129123
2.11203751701
3.1102645123
3.25779036608
3.61524355577
1.65314211231
3.82771587141
3.00370439847
4.51105927485
1.91141852976
3.46557092183
1.61275231955
1.36208660841
4.37701319896
4.23638347935
3.03706470782
3.16022508032
2.79340784168
2.01513717468
2.47352895488
3.28787657608
4.74082809678
3.08091047779
3.45989799698
3.79696354824
4.62747690138
3.90661655551
2.75025300274
2.75984785515
1.33478315521
3.70662049932
2.54318899412
