1.84513509712
3.77751372259
4.17975407827
2.25724568118
1.61196390905
1.87568950454
2.25616236718
2.13284750094
3.55917097536
2.48852333272
1.83896419198
1.54057102111
1.84176970195
1.98894865241
3.50267226856
3.92668513828
3.74554434709
3.36980922846
3.28398466145
0.978548403868
2.18787093371
2.78079298169
4.24351855023
2.86060258719
3.5419889941
4.34490544269
2.52497282763
3.43321441503
3.02909504209
1.51578266503
0.562412228008
2.26879486238
2.76845132555
1.31403030313
2.2860104874
2.16194673063
2.1855895328
2.14760748506
2.74242427248
3.39182725575
2.68566827069
0.945041049115
1.67892745781
3.27035636966
2.41614169508
2.80025125954
2.7651431786
3.36980098127
2.49837319406
3.23937325791
2.7904177513
1.88447783399
3.87745704098
2.87919001781
3.68630003028
1.74081812026
1.62528165155
2.10367675133
4.38537701492
2.9894306276
1.22819911661
4.01051380806
3.11636923819
3.73824006075
2.6148848781
3.15268224304
3.97231826998
1.29343287887
4.03486507262
2.38965372631
2.97758278584
2.85562885958
3.86966389324
3.32647771729
3.70966449098
4.5138872803
2.57177993443
3.62923041689
2.96030171585
4.10591626188
4.03566181443
3.09333413698
2.9846783143
3.51196684688
3.60192254448
4.07855243475
2.68609461865
3.2431805039
4.54130393862
3.54776555706
3.26585015862
3.48483712264
4.02241055133
4.29072621727
2.12865395388
3.0072437412
2.70077645107
2.09473907884
3.77294782835
2.42526403444
3.17060106498
3.64483061998
0.540293716372
0.0398101066675
3.99683339292
3.20586817648
4.55346888797
3.46699376458
2.7132579266
1.29117294191
2.80867178427
2.65519609125
1.9859543234
2.63474527489
4.46925345651
1.0459979157
3.26656053037
2.65451340991
4.45925104608
2.91910920699
1.38591696528
2.5897055281
2.00268451001
1.64124227023
2.42840938597
2.04210624724
1.07237927812
3.59369019994
2.9544598908
1.33180963152
3.95439753084
4.08935770857
3.91945746046
3.72215484211
0.222168916526
1.29485443661
3.7246216728
4.02927548595
1.8405521977
2.09832992932
4.1765422056
3.3297574453
0.328757187158
2.80954715155
3.75524388465
3.74978159996
1.32574116011
4.00274316718
2.81771376788
1.28363314777
1.91765688519
3.51686301809
2.56095907214
4.66932492679
1.56596385334
3.86154278144
4.27764322678
2.80966670636
3.92709470387
3.3904733416
1.45710363286
1.32717752282
1.63766527923
3.86109671239
0.554980916878
4.36054972772
3.38104226709
1.93249789304
1.93339988284
1.24556448964
3.50579270556
2.17694732131
2.62968440044
3.09546978673
3.68401460059
2.55240841158
1.93821008883
4.49547318589
2.51871865316
1.31231044858
2.9927178624
4.11801376653
1.99015996589
4.23712447117
1.78618273858
4.12674192719
2.35162797775
2.27024200417
2.15362530435
2.42629269357
2.20386623667
4.50149807037
2.6532594889
1.45082653976
2.78065685898
4.30448692589
2.88506046447
1.86815534542
4.22784502977
3.9312482089
3.07899433112
5.0
3.23058459477
2.08526089428
4.40557621379
3.02000853396
4.48675519854
4.78587346825
2.37097360784
4.73663822767
3.30152274522
2.98008354457
2.07569753706
2.08146663346
3.27302959508
2.84170491173
2.06673277618
3.12998867169
4.1536967146
2.96472878828
1.49103259601
2.94399458137
1.94009019438
2.95006243149
3.708982164
2.28249051514
4.84518038282
3.86581131351
3.37266945409
3.63713936581
2.89023143651
2.68547611899
0.587711318864
3.50612716265
3.30677763407
3.89219850129
3.35334442897
3.47585823444
2.18297441034
4.96324744325
2.23121368389
3.22885683071
4.33751105952
1.96400175535
2.70168556093
3.55400756528
2.02487002021
4.0831317648
2.56310092976
1.70126924056
3.54867568141
2.89837559741
4.05543801265
4.2392066439
2.57948416793
1.38436614149
2.85854412036
3.73396567469
3.31897058497
4.25141298199
3.58231156554
4.56895975898
1.75919935064
2.78855297028
2.99366190483
3.42799963525
2.24035255228
3.73061374687
3.31161465526
3.53292322916
3.05250336582
4.85376571474
2.89014156504
3.32332793154
3.39844836958
3.14909108008
4.35921570887
0.651669330789
2.61451445658
4.14541478511
4.20649722915
1.26454887539
2.47923598885
2.36709821122
3.15804654639
3.38299604665
3.31765400116
2.58624722095
4.03790700018
3.51877994515
3.93667681407
3.20197301742
3.82146252262
2.91108041545
2.32219369648
3.33688263298
1.97169066661
3.61982304342
3.85237864428
1.84053786642
2.91769591587
4.45646911984
1.00400724037
3.68948390067
2.55597803517
2.5562337428
2.5541672568
4.18168551817
3.05511432964
3.40308153747
1.17333684199
4.78081471894
3.98831890408
4.42228579813
3.65750603095
2.38849049759
2.56875706665
2.07060638209
4.45552354405
3.32876210806
4.12533279773
2.81619130719
4.33535543892
3.56077489108
3.12437581099
4.24597420346
1.82514647031
4.67782706515
1.31357893057
2.10907350776
1.39779279938
3.40806099718
4.53061377463
3.09891462978
3.35859155686
3.20343424009
2.59251231651
2.88599517334
1.78229000542
3.81978226094
4.74611863868
0.960868491073
3.2831873166
3.38353157081
2.50097936277
3.81130856708
3.76783226236
3.17011374125
3.31920553131
3.52362835308
3.80312140346
2.82850537288
3.83060574776
3.94189176261
3.86944607728
3.16304434768
2.50948767936
1.52885509008
4.53628305178
3.03086263848
2.27473057013
1.63798197514
1.99545037302
1.65558033617
2.73729904854
2.6831402808
3.89079645085
1.98319611957
4.09070256419
2.89323812224
2.80939206308
3.47782790445
3.67630636173
4.28983936089
2.65818399018
4.09969419555
2.18835728153
2.80186905116
2.35408442397
2.80219033573
0.0
2.82304996099
2.30252326751
4.39929436526
3.13655300557
2.12211659839
3.48234895846
3.36430387635
3.90480835322
3.48387815278
1.87978643685
4.53047327701
4.11976876849
2.94414295916
4.61011452222
3.83592161739
0.619975856151
3.46543449523
4.3544873497
4.63493392502
4.41841510358
2.88110193358
3.61251538165
3.28538691092
2.66307108684
4.2126586862
3.06816598242
3.29339630771
2.17534350182
3.73265515267
3.49180933008
3.75227598163
4.03498165038
2.28396014447
1.48346709126
2.80840050063
4.66791342869
2.85258624798
1.87780530058
4.84057304888
3.45470447422
2.48290325608
3.5640438964
3.46556682348
4.28368455669
4.32071580471
1.89078098492
1.13232306744
3.45176032959
3.21189220379
2.44813055941
3.81255193048
3.45701332311
4.85170113125
2.36519193181
3.81202207714
1.74359706358
4.24390401657
2.91027517939
4.07130352111
3.17354280165
4.45288645583
2.24500068293
2.02534417595
3.89443154125
2.60203776119
4.10243636572
3.77862496023
2.08813925972
2.92495339573
3.52314085595
3.97907962636
3.50394686429
4.11673202846
2.76309411229
2.64421052284
4.29117134773
3.41103218481
2.88166224886
1.89463583914
3.89502487517
3.60820285336
2.06525023956
3.11481102585
1.92315659944
4.75790073539
1.64790236327
4.25616000194
3.36593950481
4.2313429086
4.77872757526
4.07441246718
4.57092862387
3.03462817198
3.30180942563
3.33253137831
3.03597658542
3.14716185671
2.64630384778
2.78750152206
3.33384831312
4.5055714484
3.52949639797
2.08418998504
1.80759531123
3.89421892425
4.36108875603
1.95940472504
3.64420858223
2.86782606931
2.92465529063
4.22168130216
4.08688386791
2.7829994253
3.53627367216
3.81066741181
4.23499080852
1.28629211637
3.97177018945
3.33909902966
4.74246272623
4.22592823263
2.98375730529
3.79968767011
4.47197127712
4.76619458825
1.90650618914
2.32152373991
1.4484910837
3.78719860188
3.76310527659
4.15077619787
2.07724111346
4.19229841303
2.57193187453
1.89744073351
3.36036371685
2.87458880727
3.87261832476
2.34316408316
4.49253291606
2.2622315309
4.13132146486
1.78526083339
3.75335358627
3.27735210306
1.29164542895
3.2935009068
3.0503511482
3.0999020583
3.61339812146
4.01639252924
4.17211325279
1.723804601
3.43837788977
1.88853528654
4.15555488815
4.29577344636
1.53605669964
2.38024735088
1.42396070391
3.90873973857
3.23418853541
2.8347003238
1.50084683718
4.44421363129
2.86308287079
1.98252943328
2.88992876827
3.44083716361
3.08726890243
2.46960635122
0.49086216165
3.11991624295
2.83577491266
2.52841698719
4.36236460709
3.62844178071
2.24858179731
3.43087605524
3.63158218897
3.72575478316
4.12861874576
3.3035156545
4.70046485688
4.2247657367
2.24603227555
3.85308249759
3.44312069465
3.60329517375
1.37313447786
1.52424398352
4.52532076691
3.55105946509
4.44370679284
3.52688726782
3.5280987583
2.01052178743
3.18561143202
2.49909660076
3.64709901042
3.94695273511
2.65096788869
4.19852946091
4.41443586371
3.47734663218
3.65932383805
2.20034521232
3.52099021977
4.0807683574
2.97815038809
3.22841123874
2.0910279539
1.81824318254
4.27830701074
2.75917918997
1.69158613273
3.40027620755
2.62980916294
1.80814601087
1.961944805
3.62997323064
2.87990533548
1.82495628122
3.98129583143
3.50443298342
2.80879609241
2.16996413107
3.98260066598
2.94907889313
4.69530359346
3.0518850669
2.33536180054
2.88750832448
3.48279517968
0.920774892397
4.4040043789
3.10192561927
3.9489750441
2.84266166387
2.89944457347
2.70742712482
3.51212181951
4.93715481807
3.94024553593
4.34882344202
3.23208136117
2.67068247105
3.42876507657
2.76879589494
2.71315194365
4.02270900459
3.41690575476
3.54643884713
3.76114588848
3.13003051369
4.50844822378
2.92062047392
3.47392528313
1.55261236553
3.35737315614
3.66533466525
3.20411960223
3.36033233996
3.05826248682
2.16124762837
1.17874239714
1.78330135555
2.53121249912
2.41483524853
2.08904013424
2.51278083682
3.19030586486
1.99657896722
2.71581320988
3.18685286842
3.52683560499
3.44061836733
2.70977991378
4.43021705199
3.10651518956
3.02139345162
4.04105862817
3.83857746773
3.29726019591
3.37895142328
1.50809914548
4.73472516055
2.60281779586
4.20841589852
2.56732117438
3.34145540633
2.90890668046
2.98986694838
3.25141359255
2.92183002067
2.36280214848
2.9923118596
3.90557459803
2.93758169276
3.2035719971
3.52439888664
4.36960089426
3.80069290599
2.83027866157
1.56289430102
2.54928470956
3.33841078677
4.28712955736
4.2529384946
2.59342776441
2.39636458618
4.05513046512
1.66739660085
2.93681351219
1.18654793078
2.37293996431
3.0565532886
3.63006509055
3.02951100065
2.59056885574
3.32910882862
3.22952840586
3.57298298156
0.676451379032
2.88479837588
3.02719506018
3.29193977009
3.9186608941
0.567141711753
3.13217952085
4.23592728009
2.98586576845
3.18676239518
2.16992817768
4.06119561437
0.770151219806
1.44783135617
3.2647202414
4.29043411177
1.65775498629
3.89111378735
4.45512327916
3.32615681097
3.13854691154
1.2171173144
3.55135626727
3.98548415268
3.55009570623
2.88335045179
2.36329937172
3.4852671047
0.440365045131
2.85184510055
2.50375466989
3.9364132745
3.59935696653
4.19466052437
3.64188996647
3.97526016655
3.4038818672
2.74042900548
4.1765376098
3.5026194924
2.88671267997
3.31706422859
4.73812802115
2.70077876168
3.63358767161
0.664451700851
